0 MOUSE 128.0 120.0
17 MOUSE 128.0 120.0
17 MOUSE 128.0 120.0
3039 MISSILE 130.0 -3.0 104.0 217.0 7.741935483870968
3039 MISSILE 240.0 -3.0 24.0 212.0 7.741935483870968
3039 MISSILE 229.0 -3.0 80.0 220.0 7.741935483870968
3039 MISSILE 51.0 -3.0 128.0 212.0 7.741935483870968
3055 MOUSE 128.0 120.0
3055 MOUSE 128.0 120.0
3184 MOUSE 128.0 120.0
3184 MOUSE 128.0 120.0
3344 MOUSE 128.0 120.0
3344 MOUSE 128.0 120.0
3504 MOUSE 128.0 120.0
3504 MOUSE 128.0 120.0
3843 MOUSE 128.0 120.0
3843 MOUSE 128.0 120.0
3970 MOUSE 128.5 119.25
3970 MOUSE 128.5 119.25
3986 MOUSE 131.0 115.5
3986 MOUSE 131.0 115.5
4003 MOUSE 131.0 115.5
4003 MOUSE 131.0 115.5
4057 MOUSE 134.25 107.0
4057 MOUSE 134.25 107.0
4057 MOUSE 134.25 107.0
4057 MOUSE 134.25 107.0
4057 MOUSE 134.25 107.0
4057 MOUSE 134.25 107.0
4057 MOUSE 134.25 107.0
4057 MOUSE 134.25 107.0
4057 MOUSE 134.25 107.0
4074 MOUSE 135.0 106.0
4090 MOUSE 137.5 103.25
4090 MOUSE 137.5 103.25
4107 MOUSE 140.5 100.25
4107 MOUSE 140.5 100.25
4123 MOUSE 143.5 97.5
4123 MOUSE 143.5 97.5
4139 MOUSE 146.75 94.25
4140 MOUSE 146.75 94.25
4156 MOUSE 148.5 92.75
4156 MOUSE 148.5 92.75
4172 MOUSE 150.0 91.25
4173 MOUSE 150.0 91.25
4188 MOUSE 150.5 90.75
4205 MOUSE 151.5 90.0
4205 MOUSE 151.5 90.0
4205 MOUSE 151.5 90.0
4205 MOUSE 151.5 90.0
4220 MOUSE 153.0 88.5
4220 MOUSE 153.0 88.5
4237 MOUSE 156.0 85.25
4237 MOUSE 156.0 85.25
4252 MOUSE 160.25 80.75
4252 MOUSE 160.25 80.75
4269 MOUSE 162.0 79.0
4284 MOUSE 165.25 75.5
4285 MOUSE 165.25 75.5
4301 MOUSE 169.25 71.5
4301 MOUSE 169.25 71.5
4316 MOUSE 172.0 69.0
4316 MOUSE 172.0 69.0
4332 MOUSE 173.0 68.0
4348 MOUSE 174.5 66.0
4348 MOUSE 174.5 66.0
4365 MOUSE 175.75 64.5
4365 MOUSE 175.75 64.5
4365 MOUSE 175.75 64.5
4365 MOUSE 175.75 64.5
4380 MOUSE 176.75 63.25
4380 MOUSE 176.75 63.25
4396 MOUSE 178.75 61.0
4396 MOUSE 178.75 61.0
4412 MOUSE 180.75 58.75
4412 MOUSE 180.75 58.75
4428 MOUSE 181.75 57.25
4445 MOUSE 184.5 53.75
4445 MOUSE 184.5 53.75
4445 MOUSE 184.5 53.75
4461 MOUSE 185.5 52.5
4477 MOUSE 187.0 50.75
4477 MOUSE 187.0 50.75
4492 MOUSE 188.0 49.5
4492 MOUSE 188.0 49.5
4508 MOUSE 190.5 46.75
4509 MOUSE 190.5 46.75
4524 MOUSE 192.0 44.75
4524 MOUSE 192.0 44.75
4540 MOUSE 193.0 43.5
4541 MOUSE 193.0 43.5
4556 MOUSE 194.75 41.0
4557 MOUSE 194.75 41.0
4572 MOUSE 195.25 40.75
4588 MOUSE 195.75 40.25
4588 MOUSE 195.75 40.25
4604 MOUSE 196.0 39.75
4604 MOUSE 196.0 39.75
4620 MOUSE 196.5 39.5
4620 MOUSE 196.5 39.5
4636 MOUSE 196.75 39.25
4653 MOUSE 198.75 38.0
4653 MOUSE 198.75 38.0
4668 MOUSE 200.0 37.0
4669 MOUSE 200.0 37.0
4684 MOUSE 200.75 36.0
4684 MOUSE 200.75 36.0
4701 MOUSE 201.25 35.5
4716 MOUSE 201.5 34.75
4716 MOUSE 201.5 34.75
4732 MOUSE 201.75 34.75
4796 MOUSE 201.75 34.5
4813 MOUSE 202.5 33.5
4813 MOUSE 202.5 33.5
4828 MOUSE 203.5 32.75
4829 MOUSE 203.5 32.75
4845 MOUSE 204.25 32.0
4845 MOUSE 204.25 32.0
4861 MOUSE 204.5 31.5
4877 MOUSE 204.75 31.25
4878 MOUSE 204.75 31.25
4893 MOUSE 205.0 31.25
4925 MOUSE 205.25 31.0
4925 MOUSE 205.25 31.0
4942 MOUSE 206.75 30.5
4942 MOUSE 206.75 30.5
4957 MOUSE 207.25 30.25
4973 MOUSE 207.75 29.75
4973 MOUSE 207.75 29.75
4990 MOUSE 208.0 29.75
5007 MOUSE 208.0 29.75
5007 MOUSE 208.0 29.75
5054 MOUSE 208.25 29.5
5054 MOUSE 208.25 29.5
5070 MOUSE 208.5 28.75
5070 MOUSE 208.5 28.75
5086 MOUSE 208.75 28.5
5103 MOUSE 210.75 26.5
5103 MOUSE 210.75 26.5
5103 MOUSE 210.75 26.5
5120 MOUSE 212.75 25.0
5120 MOUSE 212.75 25.0
5135 MOUSE 213.5 24.0
5151 MOUSE 214.5 22.75
5152 MOUSE 214.5 22.75
5152 MOUSE 214.5 22.75
5167 MOUSE 214.75 22.5
5168 MOUSE 214.75 22.5
5168 MOUSE 214.75 22.5
5184 MOUSE 214.75 22.25
5249 MOUSE 214.75 22.5
5297 MOUSE 214.5 23.0
5297 MOUSE 214.5 23.0
5313 MOUSE 214.0 23.5
5313 MOUSE 214.0 23.5
5329 MOUSE 213.5 24.25
5330 MOUSE 213.5 24.25
5330 MOUSE 213.5 24.25
5330 MOUSE 213.5 24.25
5345 MOUSE 212.75 25.25
5345 MOUSE 212.75 25.25
5361 MOUSE 212.25 26.0
5361 MOUSE 212.25 26.0
5377 MOUSE 212.0 26.5
5491 MOUSE 211.75 26.5
5491 MOUSE 211.75 26.5
5491 MOUSE 211.75 26.5
5538 MOUSE 211.5 26.75
5555 MOUSE 211.25 27.0
5586 MOUSE 211.25 27.0
5587 DEFENSE 2
5587 MOUSE 211.25 27.0
5603 MOUSE 211.25 27.0
5603 MOUSE 211.25 27.0
5714 MOUSE 210.5 27.5
5714 MOUSE 210.5 27.5
5730 MOUSE 208.75 28.5
5730 MOUSE 208.75 28.5
5730 MOUSE 208.75 28.5
5747 MOUSE 207.75 29.25
5762 MOUSE 205.5 30.75
5762 MOUSE 205.5 30.75
5778 MOUSE 201.75 33.25
5778 MOUSE 201.75 33.25
5794 MOUSE 200.0 34.25
5811 MOUSE 195.0 37.5
5811 MOUSE 195.0 37.5
5811 MOUSE 195.0 37.5
5811 MOUSE 195.0 37.5
5826 MOUSE 188.5 41.25
5826 MOUSE 188.5 41.25
5843 MOUSE 182.5 44.0
5843 MOUSE 182.5 44.0
5858 MOUSE 175.5 46.25
5858 MOUSE 175.5 46.25
5874 MOUSE 167.25 47.75
5874 MOUSE 167.25 47.75
5891 MOUSE 163.5 48.25
5891 MOUSE 163.5 48.25
5906 MOUSE 162.25 48.25
5922 MOUSE 161.0 48.0
5939 MOUSE 161.0 47.75
5954 MOUSE 161.0 47.25
5955 MOUSE 161.0 47.25
5971 MOUSE 161.0 46.75
5971 MOUSE 161.0 46.75
5971 MOUSE 161.0 46.75
5971 MOUSE 161.0 46.75
5986 MOUSE 160.75 46.0
5986 MOUSE 160.75 46.0
6002 MOUSE 160.5 45.5
6002 MOUSE 160.5 45.5
6019 MOUSE 159.75 44.75
6019 MOUSE 159.75 44.75
6034 MOUSE 158.75 43.75
6034 MOUSE 158.75 43.75
6050 MOUSE 158.25 43.5
6066 MOUSE 157.0 43.0
6066 MOUSE 157.0 43.0
6083 MOUSE 155.25 42.25
6083 MOUSE 155.25 42.25
6101 MOUSE 153.0 42.0
6101 MOUSE 153.0 42.0
6115 MOUSE 152.0 41.75
6132 MOUSE 147.25 41.75
6132 MOUSE 147.25 41.75
6132 MOUSE 147.25 41.75
6132 MOUSE 147.25 41.75
6132 MOUSE 147.25 41.75
6148 MOUSE 145.75 41.75
6163 MOUSE 143.5 42.5
6163 MOUSE 143.5 42.5
6179 MOUSE 142.5 42.5
6196 MOUSE 141.5 42.75
6196 MOUSE 141.5 42.75
6211 MOUSE 141.5 43.0
6260 MOUSE 141.25 43.25
6260 MOUSE 141.25 43.25
6276 MOUSE 140.25 43.75
6276 MOUSE 140.25 43.75
6292 MOUSE 139.0 44.0
6292 MOUSE 139.0 44.0
6292 MOUSE 139.0 44.0
6292 MOUSE 139.0 44.0
6307 MOUSE 138.0 44.5
6323 MOUSE 136.25 45.0
6323 MOUSE 136.25 45.0
6339 MOUSE 134.25 45.0
6339 MOUSE 134.25 45.0
6355 MOUSE 133.75 45.0
6355 MOUSE 133.75 45.0
6420 MOUSE 133.5 45.0
6436 MOUSE 132.75 45.25
6436 MOUSE 132.75 45.25
6452 MOUSE 131.5 45.25
6453 MOUSE 131.5 45.25
6453 MOUSE 131.5 45.25
6453 MOUSE 131.5 45.25
6468 MOUSE 130.75 45.25
6484 MOUSE 128.25 45.5
6484 MOUSE 128.25 45.5
6484 MOUSE 128.25 45.5
6500 MOUSE 127.5 45.5
6500 MOUSE 127.5 45.5
6516 MOUSE 127.25 45.5
6612 MOUSE 127.25 45.5
6612 MOUSE 127.25 45.5
6661 MOUSE 127.25 45.25
6676 MOUSE 127.0 45.0
6677 MOUSE 127.0 45.0
6692 MOUSE 126.75 45.0
6756 MOUSE 126.75 45.0
6756 DEFENSE 1
6756 MOUSE 126.75 45.0
6772 MOUSE 126.75 45.0
6772 MOUSE 126.75 45.0
6837 MOUSE 126.25 45.0
6837 MOUSE 126.25 45.0
6852 MOUSE 125.5 44.75
6852 MOUSE 125.5 44.75
6852 MOUSE 125.5 44.75
6868 MOUSE 124.0 44.75
6868 MOUSE 124.0 44.75
6885 MOUSE 121.5 45.25
6885 MOUSE 121.5 45.25
6900 MOUSE 120.25 45.5
6916 MOUSE 116.25 46.5
6917 MOUSE 116.25 46.5
6932 MOUSE 112.5 47.25
6932 MOUSE 112.5 47.25
6948 MOUSE 107.25 48.5
6948 MOUSE 107.25 48.5
6964 MOUSE 105.0 49.0
6980 MOUSE 100.5 49.75
6980 MOUSE 100.5 49.75
6980 MOUSE 100.5 49.75
6980 MOUSE 100.5 49.75
6996 MOUSE 96.25 50.5
6996 MOUSE 96.25 50.5
7012 MOUSE 93.25 50.75
7012 MOUSE 93.25 50.75
7029 MOUSE 92.0 50.75
7029 MOUSE 92.0 50.75
7044 MOUSE 91.25 50.75
7044 MOUSE 91.25 50.75
7060 MOUSE 91.0 50.5
7076 MOUSE 90.75 50.25
7076 MOUSE 90.75 50.25
7092 MOUSE 90.0 49.5
7092 MOUSE 90.0 49.5
7110 MOUSE 88.75 49.0
7110 MOUSE 88.75 49.0
7126 MOUSE 86.75 48.5
7126 MOUSE 86.75 48.5
7142 MOUSE 85.5 48.25
7159 MOUSE 83.25 48.0
7159 MOUSE 83.25 48.0
7159 MOUSE 83.25 48.0
7174 MOUSE 83.0 48.0
7174 MOUSE 83.0 48.0
7174 MOUSE 83.0 48.0
7190 MOUSE 82.75 48.0
7190 MOUSE 82.75 48.0
7190 MOUSE 82.75 48.0
7206 MOUSE 82.75 47.75
7255 MOUSE 82.75 47.5
7255 MOUSE 82.75 47.5
7255 MOUSE 82.75 47.5
7270 MOUSE 82.5 47.25
7270 MOUSE 82.5 47.25
7302 MOUSE 81.5 47.0
7302 MOUSE 81.5 47.0
7319 MOUSE 79.75 47.0
7319 MOUSE 79.75 47.0
7335 MOUSE 76.75 47.0
7335 MOUSE 76.75 47.0
7350 MOUSE 71.75 47.25
7350 MOUSE 71.75 47.25
7350 MOUSE 71.75 47.25
7366 MOUSE 70.75 47.25
7382 MOUSE 70.25 47.25
7398 MOUSE 69.5 47.25
7399 MOUSE 69.5 47.25
7399 MOUSE 69.5 47.25
7399 MOUSE 69.5 47.25
7415 MOUSE 69.5 47.25
7415 MOUSE 69.5 47.25
7431 MOUSE 69.75 47.0
7431 MOUSE 69.75 47.0
7447 MOUSE 70.25 46.75
7447 MOUSE 70.25 46.75
7447 MOUSE 70.25 46.75
7510 MOUSE 70.25 46.75
7510 MOUSE 70.25 46.75
7526 MOUSE 70.25 46.75
7526 MOUSE 70.25 46.75
7576 MOUSE 70.25 46.75
7576 MOUSE 70.25 46.75
7639 MOUSE 70.25 46.75
7639 DEFENSE 0
7639 MOUSE 70.25 46.75
7656 MOUSE 70.25 46.75
7656 MOUSE 70.25 46.75
7747 MOUSE 70.25 46.75
7747 MOUSE 70.25 46.75
7747 MOUSE 70.25 46.75
7794 MOUSE 70.0 46.75
7810 MOUSE 70.0 47.0
7826 MOUSE 69.75 47.75
7826 MOUSE 69.75 47.75
7826 MOUSE 69.75 47.75
7843 MOUSE 69.25 48.75
7843 MOUSE 69.25 48.75
7859 MOUSE 68.25 50.5
7859 MOUSE 68.25 50.5
7890 MOUSE 66.5 54.0
7890 MOUSE 66.5 54.0
7890 MOUSE 66.5 54.0
7890 MOUSE 66.5 54.0
7906 MOUSE 66.5 54.0
7906 MOUSE 66.5 54.0
7922 MOUSE 65.0 57.75
7922 MOUSE 65.0 57.75
7923 MOUSE 65.0 57.75
7938 MOUSE 64.75 59.25
7954 MOUSE 64.25 63.0
7954 MOUSE 64.25 63.0
7954 MOUSE 64.25 63.0
7971 MOUSE 64.25 64.0
7986 MOUSE 64.75 66.0
7986 MOUSE 64.75 66.0
8002 MOUSE 65.5 68.5
8002 MOUSE 65.5 68.5
8018 MOUSE 67.5 72.0
8018 MOUSE 67.5 72.0
8034 MOUSE 69.75 74.5
8034 MOUSE 69.75 74.5
8051 MOUSE 73.5 77.75
8051 MOUSE 73.5 77.75
8068 MOUSE 78.25 80.75
8068 MOUSE 78.25 80.75
8068 MOUSE 78.25 80.75
8068 MOUSE 78.25 80.75
8083 MOUSE 85.25 84.75
8083 MOUSE 85.25 84.75
8099 MOUSE 89.0 86.5
8116 MOUSE 102.0 92.25
8116 MOUSE 102.0 92.25
8131 MOUSE 108.75 94.75
8131 MOUSE 108.75 94.75
8148 MOUSE 116.75 97.5
8148 MOUSE 116.75 97.5
8148 MOUSE 116.75 97.5
8148 MOUSE 116.75 97.5
8163 MOUSE 124.0 99.25
8163 MOUSE 124.0 99.25
8164 MOUSE 124.0 99.25
8164 MOUSE 124.0 99.25
8179 MOUSE 126.25 99.5
8179 MOUSE 126.25 99.5
8196 MOUSE 127.0 99.5
8211 MOUSE 127.5 99.5
8211 MOUSE 127.5 99.5
8227 MOUSE 128.0 99.0
8227 MOUSE 128.0 99.0
8227 MOUSE 128.0 99.0
8227 MOUSE 128.0 99.0
8243 MOUSE 128.75 98.0
8243 MOUSE 128.75 98.0
8259 MOUSE 129.5 97.25
8275 MOUSE 130.5 95.25
8276 MOUSE 130.5 95.25
8291 MOUSE 131.5 93.75
8291 MOUSE 131.5 93.75
8307 MOUSE 132.5 92.75
8308 MOUSE 132.5 92.75
8323 MOUSE 132.75 92.5
8355 MOUSE 132.75 92.25
8419 MOUSE 132.75 92.0
8435 MOUSE 133.0 91.75
8451 MOUSE 133.75 90.75
8451 MOUSE 133.75 90.75
8451 MOUSE 133.75 90.75
8467 MOUSE 133.75 90.5
8739 MOUSE 134.0 90.25
8756 MOUSE 134.75 89.75
8756 MOUSE 134.75 89.75
8771 MOUSE 135.25 89.25
8852 MOUSE 135.75 89.25
8853 MOUSE 135.75 89.25
8868 MOUSE 136.0 89.25
8868 MOUSE 136.0 89.25
8869 MOUSE 136.0 89.25
8884 MOUSE 136.25 89.5
8884 MOUSE 136.25 89.5
8900 MOUSE 136.25 89.75
8916 MOUSE 136.25 90.25
8916 MOUSE 136.25 90.25
8932 MOUSE 135.75 91.25
8932 MOUSE 135.75 91.25
8932 MOUSE 135.75 91.25
8932 MOUSE 135.75 91.25
8948 MOUSE 135.5 92.25
8948 MOUSE 135.5 92.25
8949 MISSILE 71.0 -3.0 56.0 218.0 7.741935483870968
8949 MISSILE 139.0 -3.0 232.0 212.0 7.741935483870968
8949 MISSILE 76.0 -3.0 104.0 217.0 7.741935483870968
8949 MISSILE 39.0 -3.0 24.0 212.0 7.741935483870968
8964 MOUSE 135.0 93.25
8964 MOUSE 135.0 93.25
8964 MOUSE 135.0 93.25
8964 MOUSE 135.0 93.25
8980 MOUSE 134.0 95.25
8980 MOUSE 134.0 95.25
8996 MOUSE 134.0 98.25
8996 MOUSE 134.0 98.25
9012 MOUSE 135.0 102.5
9012 MOUSE 135.0 102.5
9029 MOUSE 135.0 102.5
9029 MOUSE 135.0 102.5
9092 MOUSE 135.25 103.0
9238 MOUSE 135.25 103.0
9238 MOUSE 135.25 103.0
9269 MOUSE 134.5 102.5
9269 MOUSE 134.5 102.5
9285 MOUSE 134.0 102.0
9285 MOUSE 134.0 102.0
9301 MOUSE 133.5 101.0
9302 MOUSE 133.5 101.0
9302 MOUSE 133.5 101.0
9302 MOUSE 133.5 101.0
9318 MOUSE 133.75 100.5
9318 MOUSE 133.75 100.5
9318 MOUSE 133.75 100.5
9318 MOUSE 133.75 100.5
9318 MOUSE 133.75 100.5
9350 MOUSE 134.0 100.5
9366 MOUSE 134.0 100.0
9366 MOUSE 134.0 100.0
9382 MOUSE 134.0 99.25
9382 MOUSE 134.0 99.25
9382 MOUSE 134.0 99.25
9399 MOUSE 134.0 99.25
9399 MOUSE 134.0 99.25
9559 MOUSE 134.0 99.25
9559 MOUSE 134.0 99.25
9575 MOUSE 133.5 99.0
9575 MOUSE 133.5 99.0
9592 MOUSE 132.25 99.0
9592 MOUSE 132.25 99.0
9607 MOUSE 131.75 99.0
9623 MOUSE 130.75 99.0
9624 MOUSE 130.75 99.0
9624 MOUSE 130.75 99.0
9656 MOUSE 130.0 99.0
9656 MOUSE 130.0 99.0
9670 MOUSE 129.75 99.0
9942 MOUSE 129.75 99.25
9958 MOUSE 129.25 99.5
9958 MOUSE 129.25 99.5
9975 MOUSE 129.0 99.5
9975 MOUSE 129.0 99.5
9975 MOUSE 129.0 99.5
9990 MOUSE 128.75 99.75
9991 MOUSE 128.75 99.75
10006 MOUSE 128.5 100.0
10022 MOUSE 128.0 100.5
10022 MOUSE 128.0 100.5
10038 MOUSE 127.5 101.0
10038 MOUSE 127.5 101.0
10054 MOUSE 127.25 101.25
10071 MOUSE 127.0 101.75
10071 MOUSE 127.0 101.75
10086 MOUSE 126.75 102.25
10087 MOUSE 126.75 102.25
10120 MOUSE 126.75 102.5
10135 MOUSE 126.75 102.75
10151 MOUSE 126.75 103.0
10167 MOUSE 126.75 103.25
10183 MOUSE 127.0 104.25
10183 MOUSE 127.0 104.25
10183 MOUSE 127.0 104.25
10184 MOUSE 127.0 104.25
10184 MOUSE 127.0 104.25
10199 MOUSE 127.0 104.5
10199 MOUSE 127.0 104.5
10200 MOUSE 127.0 104.5
10215 MOUSE 127.25 105.25
10215 MOUSE 127.25 105.25
10231 MOUSE 127.25 105.5
10248 MOUSE 127.25 106.25
10248 MOUSE 127.25 106.25
10264 MOUSE 127.5 106.25
10296 MOUSE 127.5 106.5
10312 MOUSE 127.5 107.0
10312 MOUSE 127.5 107.0
10328 MOUSE 128.0 107.5
10328 MOUSE 128.0 107.5
10344 MOUSE 128.0 107.75
10392 MOUSE 128.0 107.75
10392 MOUSE 128.0 107.75
10520 MOUSE 128.25 107.75
10520 MOUSE 128.25 107.75
10520 MOUSE 128.25 107.75
10570 MOUSE 128.5 108.25
10571 MOUSE 128.5 108.25
10586 MOUSE 128.75 109.0
10586 MOUSE 128.75 109.0
10602 MOUSE 129.0 109.25
10619 MOUSE 129.0 109.5
10635 MOUSE 129.5 110.0
10635 MOUSE 129.5 110.0
10650 MOUSE 129.75 110.75
10650 MOUSE 129.75 110.75
10666 MOUSE 129.75 111.25
10682 MOUSE 130.0 112.0
10682 MOUSE 130.0 112.0
10683 MOUSE 130.0 112.0
10683 MOUSE 130.0 112.0
10698 MOUSE 130.25 112.5
10714 MOUSE 130.75 112.75
10730 MOUSE 131.25 113.75
10731 MOUSE 131.25 113.75
10746 MOUSE 131.75 114.5
10746 MOUSE 131.75 114.5
10762 MOUSE 132.0 115.0
10778 MOUSE 132.25 116.0
10778 MOUSE 132.25 116.0
10811 MOUSE 132.5 117.25
10811 MOUSE 132.5 117.25
10827 MOUSE 132.75 118.5
10828 MOUSE 132.75 118.5
10843 MOUSE 132.75 118.5
10843 MOUSE 132.75 118.5
10859 MOUSE 132.25 120.5
10859 MOUSE 132.25 120.5
10859 MOUSE 132.25 120.5
10876 MOUSE 131.75 121.25
10891 MOUSE 131.0 122.25
10907 MOUSE 128.75 123.75
10907 MOUSE 128.75 123.75
10924 MOUSE 126.5 124.5
10924 MOUSE 126.5 124.5
10939 MOUSE 123.75 125.0
10939 MOUSE 123.75 125.0
10956 MOUSE 118.25 125.25
10956 MOUSE 118.25 125.25
10972 MOUSE 116.25 125.25
10989 MOUSE 111.0 125.0
10989 MOUSE 111.0 125.0
11004 MOUSE 105.0 123.75
11004 MOUSE 105.0 123.75
11020 MOUSE 95.5 121.75
11020 MOUSE 95.5 121.75
11036 MOUSE 87.5 119.25
11036 MOUSE 87.5 119.25
11052 MOUSE 81.0 116.5
11052 MOUSE 81.0 116.5
11068 MOUSE 78.0 115.0
11085 MOUSE 74.0 111.75
11085 MOUSE 74.0 111.75
11085 MOUSE 74.0 111.75
11102 MOUSE 73.5 111.0
11119 MOUSE 72.25 107.75
11119 MOUSE 72.25 107.75
11134 MOUSE 71.5 105.0
11135 MOUSE 71.5 105.0
11150 MOUSE 71.0 102.25
11151 MOUSE 71.0 102.25
11151 MOUSE 71.0 102.25
11151 MOUSE 71.0 102.25
11166 MOUSE 70.75 99.75
11166 MOUSE 70.75 99.75
11166 MOUSE 70.75 99.75
11167 MOUSE 70.75 99.75
11182 MOUSE 70.5 97.75
11182 MOUSE 70.5 97.75
11199 MOUSE 70.5 95.75
11199 MOUSE 70.5 95.75
11214 MOUSE 70.5 94.0
11230 MOUSE 70.5 89.75
11230 MOUSE 70.5 89.75
11246 MOUSE 70.75 86.75
11246 MOUSE 70.75 86.75
11262 MOUSE 70.75 83.0
11262 MOUSE 70.75 83.0
11278 MOUSE 70.0 80.0
11278 MOUSE 70.0 80.0
11294 MOUSE 69.25 78.75
11310 MOUSE 68.0 76.75
11311 MOUSE 68.0 76.75
11327 MOUSE 67.75 76.5
11327 MOUSE 67.75 76.5
11327 MOUSE 67.75 76.5
11343 MOUSE 67.25 76.25
11343 MOUSE 67.25 76.25
11358 MOUSE 66.75 76.25
11358 MOUSE 66.75 76.25
11375 MOUSE 65.75 76.0
11375 MOUSE 65.75 76.0
11391 MOUSE 64.25 75.5
11392 MOUSE 64.25 75.5
11407 MOUSE 62.0 74.5
11407 MOUSE 62.0 74.5
11423 MOUSE 57.75 72.5
11423 MOUSE 57.75 72.5
11440 MOUSE 54.5 71.0
11440 MOUSE 54.5 71.0
11457 MOUSE 51.0 69.75
11457 MOUSE 51.0 69.75
11472 MOUSE 49.5 69.25
11489 MOUSE 46.5 68.25
11489 MOUSE 46.5 68.25
11489 MOUSE 46.5 68.25
11489 MOUSE 46.5 68.25
11505 MOUSE 45.25 67.5
11505 MOUSE 45.25 67.5
11521 MOUSE 44.75 67.25
11537 MOUSE 43.75 66.5
11537 MOUSE 43.75 66.5
11554 MOUSE 43.0 64.75
11554 MOUSE 43.0 64.75
11554 MOUSE 43.0 64.75
11570 MOUSE 42.5 63.75
11586 MOUSE 40.75 59.75
11586 MOUSE 40.75 59.75
11586 MOUSE 40.75 59.75
11618 MOUSE 39.25 57.0
11618 MOUSE 39.25 57.0
11634 MOUSE 37.75 53.25
11634 MOUSE 37.75 53.25
11634 MOUSE 37.75 53.25
11650 MOUSE 37.5 52.75
11666 MOUSE 37.25 52.0
11666 MOUSE 37.25 52.0
11681 MOUSE 37.0 51.25
11682 MOUSE 37.0 51.25
11698 MOUSE 36.75 51.0
11714 MOUSE 36.0 49.5
11714 MOUSE 36.0 49.5
11714 MOUSE 36.0 49.5
11730 MOUSE 35.5 48.25
11730 MOUSE 35.5 48.25
11746 MOUSE 35.25 47.5
11746 MOUSE 35.25 47.5
11763 MOUSE 35.25 47.25
11794 MOUSE 35.25 46.75
11794 MOUSE 35.25 46.75
11810 MOUSE 35.25 46.25
11810 MOUSE 35.25 46.25
11811 MOUSE 35.25 46.25
11811 MOUSE 35.25 46.25
11826 MOUSE 35.25 45.75
11826 MOUSE 35.25 45.75
11842 MOUSE 34.75 45.0
11842 MOUSE 34.75 45.0
11859 MOUSE 34.5 44.25
11874 MOUSE 33.75 42.25
11874 MOUSE 33.75 42.25
11874 MOUSE 33.75 42.25
11890 MOUSE 33.5 42.0
11922 MOUSE 33.5 42.0
11923 MOUSE 33.5 42.0
11954 MOUSE 33.5 41.75
11970 MOUSE 33.25 41.5
11970 MOUSE 33.25 41.5
11987 MOUSE 33.25 41.5
11987 DEFENSE 0
11987 MOUSE 33.25 41.5
12004 MOUSE 33.25 41.5
12004 MOUSE 33.25 41.5
12083 MOUSE 33.5 41.75
12084 MOUSE 33.5 41.75
12099 MOUSE 33.75 42.0
12099 MOUSE 33.75 42.0
12116 MOUSE 34.75 43.0
12116 MOUSE 34.75 43.0
12131 MOUSE 36.25 44.0
12131 MOUSE 36.25 44.0
12131 MOUSE 36.25 44.0
12131 MOUSE 36.25 44.0
12148 MOUSE 37.5 45.0
12148 MOUSE 37.5 45.0
12163 MOUSE 38.25 45.5
12179 MOUSE 40.5 47.5
12179 MOUSE 40.5 47.5
12195 MOUSE 43.75 49.75
12195 MOUSE 43.75 49.75
12211 MOUSE 45.5 50.75
12211 MOUSE 45.5 50.75
12227 MOUSE 48.0 52.25
12227 MOUSE 48.0 52.25
12243 MOUSE 50.0 52.75
12259 MOUSE 51.75 53.25
12259 MOUSE 51.75 53.25
12276 MOUSE 54.0 53.75
12276 MOUSE 54.0 53.75
12291 MOUSE 55.75 54.25
12291 MOUSE 55.75 54.25
12291 MOUSE 55.75 54.25
12291 MOUSE 55.75 54.25
12307 MOUSE 57.0 54.25
12307 MOUSE 57.0 54.25
12307 MOUSE 57.0 54.25
12307 MOUSE 57.0 54.25
12323 MOUSE 58.0 54.5
12323 MOUSE 58.0 54.5
12339 MOUSE 58.75 54.5
12355 MOUSE 61.0 54.75
12355 MOUSE 61.0 54.75
12355 MOUSE 61.0 54.75
12371 MOUSE 62.0 54.75
12388 MOUSE 64.0 54.5
12388 MOUSE 64.0 54.5
12403 MOUSE 65.5 53.75
12403 MOUSE 65.5 53.75
12419 MOUSE 66.25 52.75
12419 MOUSE 66.25 52.75
12436 MOUSE 66.5 52.0
12436 MOUSE 66.5 52.0
12451 MOUSE 66.75 51.0
12451 MOUSE 66.75 51.0
12467 MOUSE 67.0 50.5
12467 MOUSE 67.0 50.5
12483 MOUSE 67.25 50.25
12499 MOUSE 67.75 50.0
12499 MOUSE 67.75 50.0
12516 MOUSE 68.25 49.75
12516 MOUSE 68.25 49.75
12531 MOUSE 69.0 49.25
12531 MOUSE 69.0 49.25
12547 MOUSE 69.5 49.0
12563 MOUSE 71.0 48.25
12563 MOUSE 71.0 48.25
12563 MOUSE 71.0 48.25
12579 MOUSE 71.5 48.0
12595 MOUSE 72.0 47.75
12611 MOUSE 73.75 47.25
12611 MOUSE 73.75 47.25
12628 MOUSE 74.75 46.75
12628 MOUSE 74.75 46.75
12643 MOUSE 75.5 46.25
12643 MOUSE 75.5 46.25
12660 MOUSE 76.25 45.75
12660 MOUSE 76.25 45.75
12675 MOUSE 77.5 45.0
12675 MOUSE 77.5 45.0
12692 MOUSE 78.75 43.75
12692 MOUSE 78.75 43.75
12707 MOUSE 79.0 43.5
12707 MOUSE 79.0 43.5
12724 MOUSE 79.0 43.0
12724 MOUSE 79.0 43.0
12740 MOUSE 79.0 42.25
12740 MOUSE 79.0 42.25
12756 MOUSE 78.5 41.75
12756 MOUSE 78.5 41.75
12773 MOUSE 78.0 41.0
12773 MOUSE 78.0 41.0
12773 MOUSE 78.0 41.0
12773 MOUSE 78.0 41.0
12788 MOUSE 77.75 41.0
12805 MOUSE 77.0 40.75
12805 MOUSE 77.0 40.75
12820 MOUSE 76.0 41.25
12820 MOUSE 76.0 41.25
12836 MOUSE 75.0 42.0
12836 MOUSE 75.0 42.0
12853 MOUSE 73.5 43.5
12853 MOUSE 73.5 43.5
12868 MOUSE 73.0 44.0
12884 MOUSE 72.25 45.0
12884 MOUSE 72.25 45.0
12900 MOUSE 71.75 45.5
12901 MOUSE 71.75 45.5
12916 MOUSE 71.5 45.5
12933 MOUSE 71.5 45.75
12933 MOUSE 71.5 45.75
12933 MOUSE 71.5 45.75
12948 MOUSE 71.25 46.0
12949 MOUSE 71.25 46.0
12964 MOUSE 71.25 46.25
12980 MOUSE 71.0 46.5
12980 MOUSE 71.0 46.5
12996 MOUSE 71.0 47.0
13012 MOUSE 71.0 47.25
13029 MOUSE 71.0 47.5
13109 MOUSE 71.0 47.25
13173 MOUSE 71.25 47.0
13189 MOUSE 71.75 46.5
13189 MOUSE 71.75 46.5
13205 MOUSE 72.25 46.25
13205 MOUSE 72.25 46.25
13221 MOUSE 72.25 46.0
13238 MOUSE 72.25 45.75
13255 MOUSE 72.25 45.75
13255 MOUSE 72.25 45.75
13271 MOUSE 72.25 45.5
13271 MOUSE 72.25 45.5
13271 MOUSE 72.25 45.5
13271 MOUSE 72.25 45.5
13272 DEFENSE 1
13272 MOUSE 72.25 45.5
13287 MOUSE 72.25 45.5
13287 MOUSE 72.25 45.5
13368 MOUSE 72.25 45.5
13432 MOUSE 72.75 45.5
13432 MOUSE 72.75 45.5
13465 MOUSE 73.25 45.5
13465 MOUSE 73.25 45.5
13480 MOUSE 73.5 46.0
13480 MOUSE 73.5 46.0
13497 MOUSE 74.0 46.75
13513 MOUSE 75.75 48.75
13513 MOUSE 75.75 48.75
13528 MOUSE 78.75 52.0
13528 MOUSE 78.75 52.0
13545 MOUSE 83.0 55.75
13545 MOUSE 83.0 55.75
13560 MOUSE 89.5 61.25
13560 MOUSE 89.5 61.25
13576 MOUSE 95.0 64.75
13576 MOUSE 95.0 64.75
13576 MOUSE 95.0 64.75
13577 MOUSE 95.0 64.75
13592 MOUSE 103.25 69.25
13593 MOUSE 103.25 69.25
13608 MOUSE 107.0 71.0
13624 MOUSE 122.5 77.0
13624 MOUSE 122.5 77.0
13625 MOUSE 122.5 77.0
13640 MOUSE 124.5 77.75
13672 MOUSE 140.0 79.25
13672 MOUSE 140.0 79.25
13672 MOUSE 140.0 79.25
13672 MOUSE 140.0 79.25
13690 MOUSE 141.75 78.5
13691 MOUSE 141.75 78.5
13691 MOUSE 141.75 78.5
13723 MOUSE 141.75 77.75
13723 MOUSE 141.75 77.75
13738 MOUSE 141.0 76.75
13738 MOUSE 141.0 76.75
13739 MOUSE 141.0 76.75
13739 MOUSE 141.0 76.75
13739 MOUSE 141.0 76.75
13771 MOUSE 140.75 76.5
13892 MOUSE 142.0 70.25
13892 MOUSE 142.0 70.25
13892 MOUSE 142.0 70.25
13892 MOUSE 142.0 70.25
13892 MOUSE 142.0 70.25
13892 MOUSE 142.0 70.25
13892 MOUSE 142.0 70.25
13892 MOUSE 142.0 70.25
13892 MOUSE 142.0 70.25
13892 MOUSE 142.0 70.25
13892 MOUSE 142.0 70.25
13892 MOUSE 142.0 70.25
13892 MOUSE 142.0 70.25
13918 MOUSE 143.25 68.25
13918 MOUSE 143.25 68.25
13918 MOUSE 143.25 68.25
13918 MOUSE 143.25 68.25
13918 MOUSE 143.25 68.25
13933 MOUSE 144.0 67.5
13934 MOUSE 144.0 67.5
13934 MOUSE 144.0 67.5
13949 MOUSE 147.25 64.75
13949 MOUSE 147.25 64.75
13965 MOUSE 153.5 59.5
13965 MOUSE 153.5 59.5
13965 MOUSE 153.5 59.5
13982 MOUSE 154.75 58.25
13999 MOUSE 155.75 55.25
13999 MOUSE 155.75 55.25
13999 MOUSE 155.75 55.25
13999 MOUSE 155.75 55.25
13999 MOUSE 155.75 55.25
14030 MOUSE 156.0 53.75
14030 MOUSE 156.0 53.75
14046 MOUSE 155.75 53.5
14046 MOUSE 155.75 53.5
14143 MOUSE 155.5 53.5
14159 MOUSE 155.0 53.25
14159 MOUSE 155.0 53.25
14159 MOUSE 155.0 53.25
14159 MOUSE 155.0 53.25
14159 MOUSE 155.0 53.25
14191 MOUSE 154.5 53.25
14191 MOUSE 154.5 53.25
14207 MOUSE 154.0 53.75
14207 MOUSE 154.0 53.75
14207 MOUSE 154.0 53.75
14223 MOUSE 153.5 54.25
14223 MOUSE 153.5 54.25
14255 MOUSE 153.0 54.75
14255 MOUSE 153.0 54.75
14255 MOUSE 153.0 54.75
14320 MOUSE 153.0 54.75
14320 MOUSE 153.0 54.75
14400 MOUSE 153.75 54.75
14416 MOUSE 154.5 54.25
14416 MOUSE 154.5 54.25
14432 MOUSE 155.75 54.0
14432 MOUSE 155.75 54.0
14447 MOUSE 156.25 54.0
14447 MOUSE 156.25 54.0
14463 MOUSE 156.25 53.75
14527 MOUSE 156.5 53.75
14543 MOUSE 156.75 53.75
14560 MOUSE 158.0 53.75
14560 MOUSE 158.0 53.75
14560 MOUSE 158.0 53.75
14560 MOUSE 158.0 53.75
14575 MOUSE 160.0 53.75
14576 MOUSE 160.0 53.75
14576 MOUSE 160.0 53.75
14576 MOUSE 160.0 53.75
14591 MOUSE 161.25 53.75
14591 MOUSE 161.25 53.75
14608 MOUSE 161.25 54.0
14623 MOUSE 161.25 54.25
14639 MOUSE 161.25 54.25
14639 DEFENSE 2
14639 MOUSE 161.25 54.25
14656 MOUSE 160.75 54.5
14656 MOUSE 160.75 54.5
14656 MOUSE 160.75 54.5
14656 MOUSE 160.75 54.5
14656 MOUSE 160.75 54.5
14670 MOUSE 160.25 54.5
14670 MOUSE 160.25 54.5
14687 MOUSE 160.0 54.5
14703 MOUSE 160.0 54.75
14720 MOUSE 159.75 54.75
14735 MOUSE 159.25 54.75
14735 MOUSE 159.25 54.75
14736 MOUSE 159.25 54.75
14751 MOUSE 159.25 55.0
14768 MOUSE 159.0 55.0
14783 MOUSE 159.0 55.25
14800 MOUSE 158.75 55.5
14800 MOUSE 158.75 55.5
14817 MOUSE 158.75 56.0
14817 MOUSE 158.75 56.0
14832 MOUSE 158.75 56.5
14832 MOUSE 158.75 56.5
14848 MOUSE 158.75 57.0
14848 MOUSE 158.75 57.0
14864 MOUSE 158.75 57.25
14880 MOUSE 159.0 59.0
14880 MOUSE 159.0 59.0
14880 MOUSE 159.0 59.0
14880 MOUSE 159.0 59.0
14897 MOUSE 159.0 60.0
14897 MOUSE 159.0 60.0
14897 MOUSE 159.0 60.0
14897 MOUSE 159.0 60.0
14913 MOUSE 159.25 61.0
14929 MOUSE 159.75 63.0
14929 MOUSE 159.75 63.0
14929 MOUSE 159.75 63.0
14945 MOUSE 159.75 63.75
14946 MOUSE 159.75 63.75
14962 MOUSE 159.75 64.5
14962 MOUSE 159.75 64.5
14962 MOUSE 159.75 64.5
14962 MOUSE 159.75 64.5
14978 MOUSE 159.75 64.75
14993 MOUSE 159.75 65.25
14993 MOUSE 159.75 65.25
15009 MOUSE 159.75 66.0
15010 MOUSE 159.75 66.0
15025 MOUSE 159.5 68.0
15025 MOUSE 159.5 68.0
15042 MOUSE 159.0 72.75
15042 MOUSE 159.0 72.75
15057 MOUSE 159.0 75.75
15074 MOUSE 158.0 83.25
15074 MOUSE 158.0 83.25
15074 MOUSE 158.0 83.25
15074 MISSILE 244.0 -3.0 80.0 220.0 7.741935483870968
15074 MISSILE 212.0 -3.0 128.0 212.0 7.741935483870968
15075 MISSILE 163.0 -3.0 56.0 218.0 7.741935483870968
15075 MISSILE 18.0 -3.0 232.0 212.0 7.741935483870968
15089 MOUSE 157.0 88.0
15089 MOUSE 157.0 88.0
15089 MOUSE 157.0 88.0
15106 MOUSE 156.75 90.0
15123 MOUSE 155.5 94.75
15123 MOUSE 155.5 94.75
15123 MOUSE 155.5 94.75
15123 MOUSE 155.5 94.75
15123 MOUSE 155.5 94.75
15138 MOUSE 155.0 95.75
15154 MOUSE 154.25 97.5
15154 MOUSE 154.25 97.5
15171 MOUSE 153.5 99.5
15171 MOUSE 153.5 99.5
15186 MOUSE 152.25 102.25
15186 MOUSE 152.25 102.25
15203 MOUSE 150.5 104.75
15203 MOUSE 150.5 104.75
15219 MOUSE 147.75 108.25
15219 MOUSE 147.75 108.25
15234 MOUSE 143.75 112.0
15234 MOUSE 143.75 112.0
15250 MOUSE 142.75 113.0
15266 MOUSE 140.0 115.0
15266 MOUSE 140.0 115.0
15283 MOUSE 137.25 116.75
15283 MOUSE 137.25 116.75
15283 MOUSE 137.25 116.75
15283 MOUSE 137.25 116.75
15298 MOUSE 135.0 118.5
15299 MOUSE 135.0 118.5
15314 MOUSE 133.5 120.0
15315 MOUSE 133.5 120.0
15330 MOUSE 132.0 121.25
15330 MOUSE 132.0 121.25
15346 MOUSE 130.75 122.25
15362 MOUSE 128.5 124.0
15362 MOUSE 128.5 124.0
15378 MOUSE 127.0 125.0
15378 MOUSE 127.0 125.0
15394 MOUSE 124.0 127.25
15394 MOUSE 124.0 127.25
15410 MOUSE 122.75 128.0
15411 MOUSE 122.75 128.0
15426 MOUSE 122.0 128.5
15442 MOUSE 121.25 128.75
15442 MOUSE 121.25 128.75
15458 MOUSE 121.25 129.0
15474 MOUSE 120.75 129.5
15474 MOUSE 120.75 129.5
15490 MOUSE 120.5 130.0
15490 MOUSE 120.5 130.0
15506 MOUSE 120.25 130.5
15523 MOUSE 119.75 131.25
15523 MOUSE 119.75 131.25
15538 MOUSE 119.0 132.25
15538 MOUSE 119.0 132.25
15554 MOUSE 117.5 133.75
15554 MOUSE 117.5 133.75
15570 MOUSE 116.0 135.25
15570 MOUSE 116.0 135.25
15587 MOUSE 115.25 137.75
15587 MOUSE 115.25 137.75
15604 MOUSE 114.75 140.5
15604 MOUSE 114.75 140.5
15604 MOUSE 114.75 140.5
15620 MOUSE 114.75 145.5
15620 MOUSE 114.75 145.5
15635 MOUSE 114.5 151.25
15635 MOUSE 114.5 151.25
15652 MOUSE 113.75 157.0
15652 MOUSE 113.75 157.0
15668 MOUSE 113.0 161.0
15668 MOUSE 113.0 161.0
15683 MOUSE 112.25 163.75
15683 MOUSE 112.25 163.75
15699 MOUSE 111.5 165.0
15699 MOUSE 111.5 165.0
15716 MOUSE 111.5 165.25
15731 MOUSE 112.5 166.75
15732 MOUSE 112.5 166.75
15732 MOUSE 112.5 166.75
15748 MOUSE 113.5 167.25
15764 MOUSE 116.5 168.5
15764 MOUSE 116.5 168.5
15764 MOUSE 116.5 168.5
15764 MOUSE 116.5 168.5
15779 MOUSE 120.25 169.25
15779 MOUSE 120.25 169.25
15795 MOUSE 124.0 169.5
15795 MOUSE 124.0 169.5
15811 MOUSE 127.5 169.75
15811 MOUSE 127.5 169.75
15827 MOUSE 129.0 169.75
15827 MOUSE 129.0 169.75
15843 MOUSE 129.25 169.75
15875 MOUSE 129.25 169.5
15891 MOUSE 129.0 169.0
15891 MOUSE 129.0 169.0
15907 MOUSE 127.25 167.0
15907 MOUSE 127.25 167.0
15924 MOUSE 125.25 165.0
15924 MOUSE 125.25 165.0
15940 MOUSE 124.75 164.25
15940 MOUSE 124.75 164.25
15940 MOUSE 124.75 164.25
15956 MOUSE 124.5 163.5
15956 MOUSE 124.5 163.5
15988 MOUSE 124.5 163.0
15988 MOUSE 124.5 163.0
16004 MOUSE 124.75 162.75
16004 MOUSE 124.75 162.75
16020 MOUSE 125.75 161.0
16020 MOUSE 125.75 161.0
16035 MOUSE 126.5 159.5
16035 MOUSE 126.5 159.5
16051 MOUSE 128.0 157.5
16051 MOUSE 128.0 157.5
16067 MOUSE 129.25 155.0
16067 MOUSE 129.25 155.0
16083 MOUSE 129.75 154.5
16101 MOUSE 135.25 148.5
16101 MOUSE 135.25 148.5
16101 MOUSE 135.25 148.5
16132 MOUSE 146.75 140.5
16132 MOUSE 146.75 140.5
16132 MOUSE 146.75 140.5
16147 MOUSE 157.0 134.25
16147 MOUSE 157.0 134.25
16163 MOUSE 164.75 129.5
16179 MOUSE 177.25 121.25
16179 MOUSE 177.25 121.25
16179 MOUSE 177.25 121.25
16195 MOUSE 180.25 119.0
16211 MOUSE 184.0 115.5
16227 MOUSE 190.5 106.5
16227 MOUSE 190.5 106.5
16227 MOUSE 190.5 106.5
16243 MOUSE 194.25 100.25
16243 MOUSE 194.25 100.25
16260 MOUSE 196.0 97.0
16260 MOUSE 196.0 97.0
16260 MOUSE 196.0 97.0
16276 MOUSE 198.5 92.5
16292 MOUSE 201.0 88.5
16292 MOUSE 201.0 88.5
16308 MOUSE 203.25 85.0
16309 MOUSE 203.25 85.0
16309 MOUSE 203.25 85.0
16325 MOUSE 203.5 84.5
16325 MOUSE 203.5 84.5
16325 MOUSE 203.5 84.5
16342 MOUSE 203.5 83.5
16342 MOUSE 203.5 83.5
16342 MOUSE 203.5 83.5
16342 MOUSE 203.5 83.5
16342 MOUSE 203.5 83.5
16357 MOUSE 203.5 83.0
16358 MOUSE 203.5 83.0
16373 MOUSE 203.5 82.5
16389 MOUSE 203.5 82.0
16389 MOUSE 203.5 82.0
16406 MOUSE 203.25 81.5
16406 MOUSE 203.25 81.5
16406 MOUSE 203.25 81.5
16422 MOUSE 203.25 81.0
16422 MOUSE 203.25 81.0
16517 MOUSE 203.25 80.75
16565 MOUSE 203.25 80.75
16566 MOUSE 203.25 80.75
16630 MOUSE 203.0 81.0
16630 MOUSE 203.0 81.0
16676 MOUSE 202.5 81.5
16676 MOUSE 202.5 81.5
16692 MOUSE 202.25 81.75
16708 MOUSE 201.75 82.5
16708 MOUSE 201.75 82.5
16725 MOUSE 201.0 83.75
16725 MOUSE 201.0 83.75
16725 MOUSE 201.0 83.75
16725 MOUSE 201.0 83.75
16740 MOUSE 200.75 84.75
16740 MOUSE 200.75 84.75
16756 MOUSE 200.5 85.5
16756 MOUSE 200.5 85.5
16772 MOUSE 200.5 86.25
16772 MOUSE 200.5 86.25
16837 MOUSE 200.5 87.0
16837 MOUSE 200.5 87.0
16852 MOUSE 200.5 87.5
16852 MOUSE 200.5 87.5
16868 MOUSE 200.75 88.5
16868 MOUSE 200.75 88.5
16884 MOUSE 200.75 89.5
16884 MOUSE 200.75 89.5
16884 MOUSE 200.75 89.5
16885 MOUSE 200.75 89.5
16900 MOUSE 200.75 90.5
16900 MOUSE 200.75 90.5
16917 MOUSE 200.5 92.75
16917 MOUSE 200.5 92.75
16917 MOUSE 200.5 92.75
16917 MOUSE 200.5 92.75
16933 MOUSE 200.25 94.25
16933 MOUSE 200.25 94.25
16948 MOUSE 199.75 95.75
16949 MOUSE 199.75 95.75
16964 MOUSE 199.5 96.5
16980 MOUSE 198.75 98.5
16980 MOUSE 198.75 98.5
16997 MOUSE 198.0 100.25
16997 MOUSE 198.0 100.25
16997 MOUSE 198.0 100.25
16997 MOUSE 198.0 100.25
17012 MOUSE 196.75 102.5
17012 MOUSE 196.75 102.5
17028 MOUSE 195.75 104.5
17028 MOUSE 195.75 104.5
17045 MOUSE 194.25 106.5
17045 MOUSE 194.25 106.5
17061 MOUSE 193.25 107.25
17076 MOUSE 190.75 109.0
17076 MOUSE 190.75 109.0
17092 MOUSE 187.75 110.5
17092 MOUSE 187.75 110.5
17109 MOUSE 182.5 112.5
17109 MOUSE 182.5 112.5
17125 MOUSE 174.25 114.75
17125 MOUSE 174.25 114.75
17141 MOUSE 165.5 116.25
17141 MOUSE 165.5 116.25
17158 MOUSE 154.25 117.5
17158 MOUSE 154.25 117.5
17173 MOUSE 145.0 118.0
17189 MOUSE 138.75 118.0
17206 MOUSE 126.75 118.0
17206 MOUSE 126.75 118.0
17206 MOUSE 126.75 118.0
17206 MOUSE 126.75 118.0
17221 MOUSE 118.25 117.75
17221 MOUSE 118.25 117.75
17237 MOUSE 111.5 116.5
17237 MOUSE 111.5 116.5
17253 MOUSE 108.0 114.5
17253 MOUSE 108.0 114.5
17269 MOUSE 105.75 111.75
17269 MOUSE 105.75 111.75
17285 MOUSE 103.75 108.25
17285 MOUSE 103.75 108.25
17302 MOUSE 102.5 105.25
17302 MOUSE 102.5 105.25
17317 MOUSE 100.5 102.0
17318 MOUSE 100.5 102.0
17333 MOUSE 98.0 97.5
17333 MOUSE 98.0 97.5
17349 MOUSE 96.75 95.0
17366 MOUSE 95.0 91.5
17366 MOUSE 95.0 91.5
17366 MOUSE 95.0 91.5
17366 MOUSE 95.0 91.5
17381 MOUSE 93.0 87.0
17382 MOUSE 93.0 87.0
17397 MOUSE 91.75 83.75
17398 MOUSE 91.75 83.75
17413 MOUSE 91.25 81.25
17413 MOUSE 91.25 81.25
17429 MOUSE 91.0 79.75
17445 MOUSE 90.75 78.25
17445 MOUSE 90.75 78.25
17461 MOUSE 90.75 77.25
17461 MOUSE 90.75 77.25
17477 MOUSE 90.75 76.25
17477 MOUSE 90.75 76.25
17493 MOUSE 90.5 74.5
17493 MOUSE 90.5 74.5
17509 MOUSE 89.75 72.5
17509 MOUSE 89.75 72.5
17525 MOUSE 88.75 70.75
17541 MOUSE 86.0 67.5
17541 MOUSE 86.0 67.5
17557 MOUSE 85.0 66.5
17574 MOUSE 78.25 63.0
17574 MOUSE 78.25 63.0
17574 MOUSE 78.25 63.0
17574 MOUSE 78.25 63.0
17574 MOUSE 78.25 63.0
17589 MOUSE 74.25 61.5
17605 MOUSE 69.5 60.25
17605 MOUSE 69.5 60.25
17621 MOUSE 66.5 59.5
17622 MOUSE 66.5 59.5
17637 MOUSE 63.5 58.0
17637 MOUSE 63.5 58.0
17653 MOUSE 63.0 57.5
17670 MOUSE 62.75 55.75
17670 MOUSE 62.75 55.75
17670 MOUSE 62.75 55.75
17685 MOUSE 63.5 53.75
17685 MOUSE 63.5 53.75
17701 MOUSE 63.5 53.0
17717 MOUSE 63.75 52.0
17717 MOUSE 63.75 52.0
17734 MOUSE 64.0 50.25
17734 MOUSE 64.0 50.25
17749 MOUSE 63.5 49.25
17749 MOUSE 63.5 49.25
17765 MOUSE 62.75 48.0
17765 MOUSE 62.75 48.0
17781 MOUSE 61.5 46.0
17782 MOUSE 61.5 46.0
17798 MOUSE 61.25 45.5
17815 MOUSE 58.75 42.5
17815 MOUSE 58.75 42.5
17815 MOUSE 58.75 42.5
17847 MOUSE 54.5 38.75
17847 MOUSE 54.5 38.75
17847 MOUSE 54.5 38.75
17848 MOUSE 54.5 38.75
17848 MOUSE 54.5 38.75
17863 MOUSE 52.5 36.75
17863 MOUSE 52.5 36.75
17880 MOUSE 50.75 35.25
17880 MOUSE 50.75 35.25
17897 MOUSE 50.0 34.25
17897 MOUSE 50.0 34.25
17897 MOUSE 50.0 34.25
17897 MOUSE 50.0 34.25
17912 MOUSE 50.0 34.0
17928 MOUSE 50.0 33.25
17928 MOUSE 50.0 33.25
17945 MOUSE 50.0 33.0
17960 MOUSE 49.75 32.0
17960 MOUSE 49.75 32.0
17976 MOUSE 49.5 31.0
17992 MOUSE 49.0 29.5
17992 MOUSE 49.0 29.5
18009 MOUSE 48.0 28.0
18009 MOUSE 48.0 28.0
18009 MOUSE 48.0 28.0
18009 MOUSE 48.0 28.0
18009 MOUSE 48.0 28.0
18024 MOUSE 47.5 27.25
18025 MOUSE 47.5 27.25
18041 MOUSE 47.25 26.75
18041 MOUSE 47.25 26.75
18072 MOUSE 47.0 26.75
18171 MOUSE 47.0 26.75
18172 MOUSE 47.0 26.75
18172 MOUSE 47.0 26.75
18172 DEFENSE 0
18172 MOUSE 47.0 26.75
18188 MOUSE 47.0 26.75
18189 MOUSE 47.0 26.75
18236 MOUSE 47.0 26.75
18268 MOUSE 47.0 27.25
18283 MOUSE 46.75 28.0
18284 MOUSE 46.75 28.0
18299 MOUSE 47.0 29.5
18299 MOUSE 47.0 29.5
18315 MOUSE 47.25 30.25
18332 MOUSE 48.5 32.0
18332 MOUSE 48.5 32.0
18332 MOUSE 48.5 32.0
18332 MOUSE 48.5 32.0
18347 MOUSE 50.25 34.75
18347 MOUSE 50.25 34.75
18363 MOUSE 52.5 37.75
18363 MOUSE 52.5 37.75
18379 MOUSE 54.0 39.75
18396 MOUSE 58.0 44.75
18396 MOUSE 58.0 44.75
18412 MOUSE 65.0 53.0
18413 MOUSE 65.0 53.0
18428 MOUSE 75.5 64.75
18428 MOUSE 75.5 64.75
18428 MOUSE 75.5 64.75
18445 MOUSE 85.25 74.5
18445 MOUSE 85.25 74.5
18460 MOUSE 88.0 77.25
18476 MOUSE 91.0 80.0
18493 MOUSE 98.75 87.25
18493 MOUSE 98.75 87.25
18493 MOUSE 98.75 87.25
18493 MOUSE 98.75 87.25
18493 MOUSE 98.75 87.25
18508 MOUSE 103.25 91.25
18508 MOUSE 103.25 91.25
18524 MOUSE 105.25 93.25
18541 MOUSE 109.5 97.5
18541 MOUSE 109.5 97.5
18541 MOUSE 109.5 97.5
18558 MOUSE 110.25 98.5
18573 MOUSE 111.25 100.25
18573 MOUSE 111.25 100.25
18590 MOUSE 113.0 103.0
18590 MOUSE 113.0 103.0
18606 MOUSE 115.5 106.0
18606 MOUSE 115.5 106.0
18622 MOUSE 116.25 106.75
18638 MOUSE 117.5 107.5
18639 MOUSE 117.5 107.5
18655 MOUSE 117.5 107.5
18655 MOUSE 117.5 107.5
18676 MOUSE 118.25 107.0
18677 MOUSE 118.25 107.0
18677 MOUSE 118.25 107.0
18677 MOUSE 118.25 107.0
18709 MOUSE 118.0 104.75
18709 MOUSE 118.0 104.75
18709 MOUSE 118.0 104.75
18724 MOUSE 117.75 103.5
18724 MOUSE 117.75 103.5
18740 MOUSE 117.75 103.25
18821 MOUSE 117.75 103.0
18821 MOUSE 117.75 103.0
18821 MOUSE 117.75 103.0
18852 MOUSE 118.0 102.5
18853 MOUSE 118.0 102.5
18868 MOUSE 118.75 101.0
18868 MOUSE 118.75 101.0
18884 MOUSE 120.0 98.75
18885 MOUSE 120.0 98.75
18885 MOUSE 120.0 98.75
18900 MOUSE 120.75 96.75
18901 MOUSE 120.75 96.75
18917 MOUSE 121.0 95.5
18917 MOUSE 121.0 95.5
18934 MOUSE 121.25 94.25
18934 MOUSE 121.25 94.25
18934 MOUSE 121.25 94.25
18934 MOUSE 121.25 94.25
18950 MOUSE 121.5 92.5
18950 MOUSE 121.5 92.5
18965 MOUSE 122.0 90.75
18982 MOUSE 122.75 86.75
18982 MOUSE 122.75 86.75
18982 MOUSE 122.75 86.75
18982 MOUSE 122.75 86.75
18998 MOUSE 123.75 82.25
18998 MOUSE 123.75 82.25
19013 MOUSE 125.0 76.0
19013 MOUSE 125.0 76.0
19029 MOUSE 125.75 71.25
19030 MOUSE 125.75 71.25
19045 MOUSE 126.0 69.5
19061 MOUSE 126.75 65.75
19061 MOUSE 126.75 65.75
19077 MOUSE 126.75 65.0
19093 MOUSE 126.75 64.0
19093 MOUSE 126.75 64.0
19111 MOUSE 127.0 63.25
19111 MOUSE 127.0 63.25
19187 MOUSE 127.75 53.75
19188 MOUSE 127.75 53.75
19188 MOUSE 127.75 53.75
19188 MOUSE 127.75 53.75
19188 MOUSE 127.75 53.75
19188 MOUSE 127.75 53.75
19188 MOUSE 127.75 53.75
19188 MOUSE 127.75 53.75
19188 MOUSE 127.75 53.75
19188 MOUSE 127.75 53.75
19204 MOUSE 127.5 53.25
19220 MOUSE 127.25 51.75
19220 MOUSE 127.25 51.75
19236 MOUSE 127.25 51.5
19284 MOUSE 127.75 51.0
19300 MOUSE 128.25 50.75
19316 MOUSE 129.75 49.75
19316 MOUSE 129.75 49.75
19332 MOUSE 131.0 49.0
19333 MOUSE 131.0 49.0
19333 MOUSE 131.0 49.0
19333 MOUSE 131.0 49.0
19348 MOUSE 132.5 48.25
19348 MOUSE 132.5 48.25
19348 MOUSE 132.5 48.25
19348 MOUSE 132.5 48.25
19380 MOUSE 134.5 47.75
19380 MOUSE 134.5 47.75
19380 MOUSE 134.5 47.75
19397 MOUSE 134.75 47.5
19412 MOUSE 135.25 47.5
19412 MOUSE 135.25 47.5
19428 MOUSE 136.0 47.25
19428 MOUSE 136.0 47.25
19445 MOUSE 137.25 46.75
19445 MOUSE 137.25 46.75
19461 MOUSE 138.25 46.0
19461 MOUSE 138.25 46.0
19478 MOUSE 139.0 45.25
19478 MOUSE 139.0 45.25
19493 MOUSE 139.25 44.75
19493 MOUSE 139.25 44.75
19509 MOUSE 139.5 44.5
19510 MOUSE 139.5 44.5
19510 MOUSE 139.5 44.5
19510 MOUSE 139.5 44.5
19574 MOUSE 139.5 44.5
19574 MOUSE 139.5 44.5
19671 MOUSE 139.5 44.5
19671 MOUSE 139.5 44.5
19671 MOUSE 139.5 44.5
19671 DEFENSE 1
19671 MOUSE 139.5 44.5
19687 MOUSE 139.5 44.5
19687 MOUSE 139.5 44.5
19703 MOUSE 139.25 44.5
19750 MOUSE 139.25 44.5
19799 MOUSE 139.25 45.0
19799 MOUSE 139.25 45.0
19815 MOUSE 139.25 45.5
19815 MOUSE 139.25 45.5
19832 MOUSE 139.5 47.0
19832 MOUSE 139.5 47.0
19832 MOUSE 139.5 47.0
19832 MOUSE 139.5 47.0
19847 MOUSE 140.5 48.75
19847 MOUSE 140.5 48.75
19863 MOUSE 141.75 51.25
19863 MOUSE 141.75 51.25
19879 MOUSE 144.5 55.5
19880 MOUSE 144.5 55.5
19880 MOUSE 144.5 55.5
19880 MOUSE 144.5 55.5
19896 MOUSE 148.0 59.5
19896 MOUSE 148.0 59.5
19896 MOUSE 148.0 59.5
19896 MOUSE 148.0 59.5
19912 MOUSE 149.25 61.0
19928 MOUSE 155.0 63.5
19929 MOUSE 155.0 63.5
19944 MOUSE 157.75 63.5
19944 MOUSE 157.75 63.5
19960 MOUSE 159.75 63.0
19960 MOUSE 159.75 63.0
19977 MOUSE 161.0 62.25
19977 MOUSE 161.0 62.25
19993 MOUSE 161.75 61.5
19993 MOUSE 161.75 61.5
19993 MOUSE 161.75 61.5
19993 MOUSE 161.75 61.5
20008 MOUSE 162.0 61.25
20024 MOUSE 162.25 61.0
20025 MOUSE 162.25 61.0
20040 MOUSE 162.75 61.0
20040 MOUSE 162.75 61.0
20056 MOUSE 163.25 61.0
20056 MOUSE 163.25 61.0
20072 MOUSE 166.0 61.0
20072 MOUSE 166.0 61.0
20088 MOUSE 167.75 61.0
20105 MOUSE 169.75 60.75
20105 MOUSE 169.75 60.75
20121 MOUSE 170.75 60.5
20122 MOUSE 170.75 60.5
20137 MOUSE 170.75 60.25
20153 MOUSE 171.0 60.25
20203 MOUSE 171.0 59.75
20203 MOUSE 171.0 59.75
20219 MOUSE 171.75 59.0
20219 MOUSE 171.75 59.0
20235 MOUSE 172.75 57.75
20235 MOUSE 172.75 57.75
20251 MOUSE 173.5 57.0
20252 MOUSE 173.5 57.0
20267 MOUSE 174.25 56.25
20267 MOUSE 174.25 56.25
20283 MOUSE 174.75 55.25
20283 MOUSE 174.75 55.25
20299 MOUSE 175.0 55.25
20316 MOUSE 175.25 55.0
20316 MOUSE 175.25 55.0
20316 MOUSE 175.25 55.0
20332 MOUSE 175.5 55.25
20332 MOUSE 175.5 55.25
20348 MOUSE 176.25 55.75
20348 MOUSE 176.25 55.75
20364 MOUSE 177.5 56.0
20364 MOUSE 177.5 56.0
20381 MOUSE 179.5 56.0
20381 MOUSE 179.5 56.0
20396 MOUSE 180.0 56.0
20412 MOUSE 181.0 55.75
20412 MOUSE 181.0 55.75
20412 MOUSE 181.0 55.75
20428 MOUSE 181.0 55.5
20444 MOUSE 181.25 55.25
20444 MOUSE 181.25 55.25
20461 MOUSE 181.5 55.25
20476 MOUSE 181.75 55.0
20476 MOUSE 181.75 55.0
20477 MOUSE 181.75 55.0
20493 MOUSE 182.75 54.75
20493 MOUSE 182.75 54.75
20509 MOUSE 183.5 54.5
20525 MOUSE 185.25 53.75
20525 MOUSE 185.25 53.75
20541 MOUSE 187.75 53.25
20541 MOUSE 187.75 53.25
20557 MOUSE 188.25 52.75
20574 MOUSE 188.25 52.5
20589 MOUSE 188.25 52.25
20622 MOUSE 188.0 52.25
20639 MOUSE 187.75 52.0
20639 MOUSE 187.75 52.0
20639 MOUSE 187.75 52.0
20750 MOUSE 187.75 52.0
20751 DEFENSE 2
20751 MOUSE 187.75 52.0
20767 MOUSE 187.75 52.0
20767 MOUSE 187.75 52.0
20799 MOUSE 187.75 52.0
20799 MOUSE 187.75 52.0
20863 MOUSE 187.75 52.0
20912 MOUSE 187.75 52.25
20928 MOUSE 188.25 52.5
20928 MOUSE 188.25 52.5
20945 MOUSE 189.75 53.25
20945 MOUSE 189.75 53.25
20945 MOUSE 189.75 53.25
20945 MOUSE 189.75 53.25
20945 MOUSE 189.75 53.25
20961 MOUSE 190.0 53.5
20961 MOUSE 190.0 53.5
20961 MOUSE 190.0 53.5
20976 MOUSE 190.25 53.5
20992 MOUSE 190.75 53.75
20992 MOUSE 190.75 53.75
21088 MOUSE 191.5 53.75
21088 MOUSE 191.5 53.75
21089 MOUSE 191.5 53.75
21105 MOUSE 192.5 54.25
21105 MOUSE 192.5 54.25
21122 MOUSE 193.25 54.5
21122 MOUSE 193.25 54.5
21122 MOUSE 193.25 54.5
21122 MOUSE 193.25 54.5
21137 MOUSE 194.25 55.25
21153 MOUSE 194.75 55.5
21169 MOUSE 196.25 57.0
21170 MOUSE 196.25 57.0
21185 MOUSE 197.0 57.5
21185 MOUSE 197.0 57.5
21201 MOUSE 197.75 58.25
21201 MOUSE 197.75 58.25
21218 MOUSE 198.0 58.5
21233 MOUSE 198.25 59.0
21233 MOUSE 198.25 59.0
21249 MOUSE 198.5 59.5
21249 MOUSE 198.5 59.5
21266 MOUSE 198.75 60.5
21266 MOUSE 198.75 60.5
21281 MOUSE 199.0 61.0
21281 MOUSE 199.0 61.0
21282 MOUSE 199.0 61.0
21297 MOUSE 199.5 64.0
21297 MOUSE 199.5 64.0
21297 MOUSE 199.5 64.0
21313 MOUSE 199.75 65.25
21329 MOUSE 200.25 68.0
21329 MOUSE 200.25 68.0
21345 MOUSE 200.25 72.5
21345 MOUSE 200.25 72.5
21362 MOUSE 200.25 76.0
21362 MOUSE 200.25 76.0
21379 MOUSE 200.5 79.0
21379 MOUSE 200.5 79.0
21395 MOUSE 200.5 80.75
21411 MOUSE 201.25 86.25
21411 MOUSE 201.25 86.25
21411 MOUSE 201.25 86.25
21428 MOUSE 201.5 88.0
21443 MOUSE 202.0 91.75
21444 MOUSE 202.0 91.75
21444 MOUSE 202.0 91.75
21444 MOUSE 202.0 91.75
21459 MOUSE 202.25 95.5
21459 MOUSE 202.25 95.5
21475 MOUSE 202.0 100.25
21475 MOUSE 202.0 100.25
21492 MOUSE 200.75 103.75
21492 MOUSE 200.75 103.75
21507 MOUSE 199.25 107.75
21507 MOUSE 199.25 107.75
21524 MOUSE 197.75 111.0
21524 MOUSE 197.75 111.0
21539 MOUSE 197.0 112.75
21555 MOUSE 195.5 116.0
21555 MOUSE 195.5 116.0
21571 MOUSE 193.75 118.75
21572 MOUSE 193.75 118.75
21587 MOUSE 192.0 121.5
21587 MOUSE 192.0 121.5
21603 MOUSE 190.5 123.25
21604 MOUSE 190.5 123.25
21604 MOUSE 190.5 123.25
21619 MOUSE 188.5 125.5
21620 MOUSE 188.5 125.5
21635 MOUSE 185.75 127.5
21636 MOUSE 185.75 127.5
21651 MOUSE 184.25 128.5
21667 MOUSE 179.75 130.75
21667 MOUSE 179.75 130.75
21682 MOUSE 175.25 132.0
21682 MOUSE 175.25 132.0
21698 MOUSE 169.75 133.0
21698 MOUSE 169.75 133.0
21715 MOUSE 164.25 133.75
21715 MOUSE 164.25 133.75
21730 MOUSE 161.0 134.25
21730 MOUSE 161.0 134.25
21746 MOUSE 158.0 134.75
21746 MOUSE 158.0 134.75
21762 MOUSE 156.5 134.75
21762 MOUSE 156.5 134.75
21762 MOUSE 156.5 134.75
21762 MOUSE 156.5 134.75
21778 MOUSE 156.25 134.75
21923 MOUSE 156.5 134.25
21923 MOUSE 156.5 134.25
21923 MOUSE 156.5 134.25
21923 MOUSE 156.5 134.25
21939 MOUSE 156.5 133.5
21939 MOUSE 156.5 133.5
21955 MOUSE 157.25 132.75
21955 MOUSE 157.25 132.75
21970 MOUSE 158.0 131.5
21970 MOUSE 158.0 131.5
22002 MOUSE 158.0 131.5
22002 MOUSE 158.0 131.5
22083 MOUSE 158.0 131.5
22083 MOUSE 158.0 131.5
22246 MOUSE 158.0 131.5
22246 MOUSE 158.0 131.5
22326 MOUSE 158.0 131.5
22326 MOUSE 158.0 131.5
22341 MOUSE 158.0 131.5
22341 MOUSE 158.0 131.5
22405 MOUSE 158.0 131.5
22405 MOUSE 158.0 131.5
22518 MOUSE 158.0 131.75
22534 MOUSE 157.75 132.25
22534 MOUSE 157.75 132.25
22551 MOUSE 157.5 132.75
22551 MOUSE 157.5 132.75
22566 MOUSE 157.5 132.75
22567 MOUSE 157.5 132.75
22582 MOUSE 157.5 133.0
22599 MOUSE 157.25 133.25
22599 MOUSE 157.25 133.25
22646 MOUSE 157.25 133.5
22677 MOUSE 157.25 133.75
22693 MOUSE 157.25 134.0
22710 MOUSE 157.0 134.25
22710 MOUSE 157.0 134.25
22726 MOUSE 157.0 134.25
22726 MOUSE 157.0 134.25
22757 MOUSE 157.0 134.5
22821 MOUSE 156.75 135.0
22821 MOUSE 156.75 135.0
22838 MOUSE 156.75 135.25
22885 MOUSE 156.75 135.25
22886 MOUSE 156.75 135.25
23047 MOUSE 156.75 135.25
23047 MOUSE 156.75 135.25
23096 MOUSE 156.75 135.5
23129 MOUSE 156.5 135.75
23129 MOUSE 156.5 135.75
23145 MOUSE 156.5 136.0
23210 MOUSE 156.5 136.25
23225 MOUSE 156.5 136.5
23242 MOUSE 156.75 136.75
23242 MOUSE 156.75 136.75
23258 MOUSE 156.75 137.0
23306 MOUSE 156.75 137.0
23306 MOUSE 156.75 137.0
23338 MOUSE 157.0 137.25
23354 MOUSE 157.25 137.5
23355 MOUSE 157.25 137.5
23370 MOUSE 157.25 137.75
23370 MOUSE 157.25 137.75
23370 MOUSE 157.25 137.75
23530 MOUSE 157.25 137.75
23531 MOUSE 157.25 137.75
23578 MOUSE 157.25 137.75
23578 MOUSE 157.25 137.75
23626 MOUSE 157.25 137.75
23626 MOUSE 157.25 137.75
23674 MOUSE 157.25 138.25
23674 MOUSE 157.25 138.25
23840 MOUSE 157.5 138.25
23856 MOUSE 157.5 138.25
23856 MOUSE 157.5 138.25
23920 MOUSE 158.0 138.75
23921 MOUSE 158.0 138.75
24002 MOUSE 158.75 139.25
24002 MOUSE 158.75 139.25
24002 MOUSE 158.75 139.25
24002 MOUSE 158.75 139.25
24002 MOUSE 158.75 139.25
24002 MOUSE 158.75 139.25
24002 MOUSE 158.75 139.25
24017 MOUSE 159.0 139.25
24049 MOUSE 159.25 139.25
24066 MOUSE 159.5 139.25
24066 MOUSE 159.5 139.25
24066 MOUSE 159.5 139.25
24226 MOUSE 159.5 139.25
24226 MOUSE 159.5 139.25
24258 MOUSE 159.5 139.5
24274 MOUSE 159.5 139.75
24291 MOUSE 159.5 140.0
24306 MOUSE 159.25 140.25
24306 MOUSE 159.25 140.25
24339 MOUSE 159.25 140.75
24339 MOUSE 159.25 140.75
24356 MOUSE 159.0 141.25
24356 MOUSE 159.0 141.25
24388 MOUSE 158.75 141.25
24389 MOUSE 158.75 141.25
24389 MOUSE 158.75 141.25
24405 MOUSE 158.5 141.5
24405 MOUSE 158.5 141.5
24437 MOUSE 158.25 141.75
24485 MOUSE 158.5 141.25
24501 MOUSE 159.0 140.75
24501 MOUSE 159.0 140.75
24517 MOUSE 159.5 140.25
24518 MOUSE 159.5 140.25
24550 MOUSE 160.0 139.75
24550 MOUSE 160.0 139.75
24550 MOUSE 160.0 139.75
24550 MOUSE 160.0 139.75
24565 MOUSE 160.25 139.5
24581 MOUSE 160.5 139.25
24581 MOUSE 160.5 139.25
24597 MOUSE 161.0 138.75
24597 MOUSE 161.0 138.75
24613 MOUSE 161.75 138.0
24613 MOUSE 161.75 138.0
24630 MOUSE 162.25 137.5
24630 MOUSE 162.25 137.5
24646 MOUSE 162.75 137.5
24646 MOUSE 162.75 137.5
24662 MOUSE 163.0 137.25
24662 MOUSE 163.0 137.25
24677 MOUSE 163.0 137.0
24710 MOUSE 163.0 136.75
24710 MOUSE 163.0 136.75
24710 MOUSE 163.0 136.75
24725 MOUSE 162.5 136.5
24725 MOUSE 162.5 136.5
24741 MOUSE 162.0 136.5
24741 MOUSE 162.0 136.5
24758 MOUSE 160.75 136.25
24758 MOUSE 160.75 136.25
24773 MOUSE 159.0 136.25
24773 MOUSE 159.0 136.25
24789 MOUSE 157.25 135.75
24789 MOUSE 157.25 135.75
24806 MOUSE 154.5 135.25
24806 MOUSE 154.5 135.25
24822 MOUSE 152.25 136.0
24822 MOUSE 152.25 136.0
24838 MOUSE 151.75 136.25
24854 MOUSE 150.25 137.75
24854 MOUSE 150.25 137.75
24870 MOUSE 149.75 138.25
24871 MOUSE 149.75 138.25
24871 MOUSE 149.75 138.25
24919 MOUSE 149.5 138.25
24934 MOUSE 148.75 138.25
24950 MOUSE 147.5 138.25
24950 MOUSE 147.5 138.25
24966 MOUSE 147.25 138.0
24982 MOUSE 147.5 137.75
24999 MOUSE 148.5 137.75
24999 MOUSE 148.5 137.75
24999 MOUSE 148.5 137.75
24999 MOUSE 148.5 137.75
24999 MOUSE 148.5 137.75
25014 MOUSE 149.25 138.25
25014 MOUSE 149.25 138.25
25030 MOUSE 149.5 138.25
25030 MOUSE 149.5 138.25
25031 MOUSE 149.5 138.25
25063 MOUSE 149.5 138.5
25094 MOUSE 149.25 138.5
25112 MOUSE 149.25 139.0
25112 MOUSE 149.25 139.0
25127 MOUSE 149.25 139.25
25143 MOUSE 149.25 139.5
25159 MOUSE 149.25 140.0
25160 MOUSE 149.25 140.0
25175 MOUSE 149.25 140.5
25175 MOUSE 149.25 140.5
25192 MOUSE 149.25 141.25
25192 MOUSE 149.25 141.25
25192 MOUSE 149.25 141.25
25192 MOUSE 149.25 141.25
25207 MOUSE 149.0 142.5
25207 MOUSE 149.0 142.5
25223 MOUSE 148.25 143.75
25223 MOUSE 148.25 143.75
25239 MOUSE 148.0 144.75
25239 MOUSE 148.0 144.75
25255 MOUSE 148.0 146.75
25256 MOUSE 148.0 146.75
25271 MOUSE 148.5 150.0
25272 MOUSE 148.5 150.0
25287 MOUSE 148.75 150.75
25303 MOUSE 149.5 153.0
25304 MOUSE 149.5 153.0
25319 MOUSE 150.25 155.25
25319 MOUSE 150.25 155.25
25336 MOUSE 151.0 157.0
25336 MOUSE 151.0 157.0
25336 MOUSE 151.0 157.0
25336 MOUSE 151.0 157.0
25351 MOUSE 151.0 157.25
25352 MOUSE 151.0 157.25
25352 MOUSE 151.0 157.25
25367 MOUSE 151.5 159.0
25367 MOUSE 151.5 159.0
25367 MOUSE 151.5 159.0
25383 MOUSE 151.5 159.25
25400 MOUSE 151.5 160.0
25400 MOUSE 151.5 160.0
25415 MOUSE 151.5 160.25
25431 MOUSE 150.75 162.0
25431 MOUSE 150.75 162.0
25431 MOUSE 150.75 162.0
25447 MOUSE 150.5 162.5
25463 MOUSE 149.75 163.25
25463 MOUSE 149.75 163.25
25479 MOUSE 148.0 165.0
25479 MOUSE 148.0 165.0
25495 MOUSE 147.25 166.0
25496 MOUSE 147.25 166.0
25511 MOUSE 146.0 167.0
25511 MOUSE 146.0 167.0
25527 MOUSE 144.5 168.5
25528 MOUSE 144.5 168.5
25543 MOUSE 143.0 170.0
25543 MOUSE 143.0 170.0
25559 MOUSE 141.75 171.0
25559 MOUSE 141.75 171.0
25575 MOUSE 139.75 172.5
25575 MOUSE 139.75 172.5
25591 MOUSE 138.75 173.0
25607 MOUSE 137.25 173.75
25607 MOUSE 137.25 173.75
25623 MOUSE 134.75 175.25
25624 MOUSE 134.75 175.25
25640 MOUSE 134.0 175.5
25655 MOUSE 132.75 176.25
25655 MOUSE 132.75 176.25
25671 MOUSE 132.0 176.75
25671 MOUSE 132.0 176.75
25687 MOUSE 131.5 177.25
25751 MOUSE 131.25 177.25
25783 MOUSE 130.75 177.5
25783 MOUSE 130.75 177.5
25800 MOUSE 130.25 177.75
25800 MOUSE 130.25 177.75
25815 MOUSE 129.75 177.75
25815 MOUSE 129.75 177.75
25831 MOUSE 128.5 178.0
25832 MOUSE 128.5 178.0
25847 MOUSE 126.5 178.25
25847 MOUSE 126.5 178.25
25864 MOUSE 125.5 178.25
25879 MOUSE 122.75 178.25
25879 MOUSE 122.75 178.25
25895 MOUSE 120.25 178.5
25895 MOUSE 120.25 178.5
25911 MOUSE 119.5 178.5
25911 MOUSE 119.5 178.5
25993 MOUSE 119.5 178.25
25993 MOUSE 119.5 178.25
25993 MOUSE 119.5 178.25
26024 MOUSE 119.5 178.0
26105 MOUSE 119.75 178.0
26201 MOUSE 119.75 177.75
26217 MOUSE 120.25 177.75
26217 MOUSE 120.25 177.75
26234 MOUSE 121.0 177.75
26234 MOUSE 121.0 177.75
26249 MOUSE 121.75 177.5
26249 MOUSE 121.75 177.5
26265 MOUSE 122.0 177.5
26281 MOUSE 122.5 177.5
26281 MOUSE 122.5 177.5
26314 MOUSE 123.0 177.25
26314 MOUSE 123.0 177.25
26314 MOUSE 123.0 177.25
26314 MOUSE 123.0 177.25
26329 MOUSE 123.5 177.25
26329 MOUSE 123.5 177.25
26345 MOUSE 123.75 177.0
26361 MOUSE 124.25 177.0
26378 MOUSE 124.75 176.75
26378 MOUSE 124.75 176.75
26393 MOUSE 125.5 176.5
26394 MOUSE 125.5 176.5
26410 MOUSE 125.75 176.5
26425 MOUSE 126.0 176.25
26587 MOUSE 126.0 176.25
26587 MOUSE 126.0 176.25
